1
2
68
69
149
71
72
3
73
74
75
77
4
5
6
7
8
9
78
79
152
80
10
11
12
81
82
153
83
13
154
84
85
86
88
14
89
155
15
91
92
93
94
95
17
96
97
18
98
19
99
20
101
100
157
156
171
190
191
218
249
248
247
246
245
244
189
242
241
240
239
217
216
212
170
188
237
238
296
297
298
299
300
302
303
452
482
596
557
556
555
554
650
651
771
770
769
768
649
648
647
646
645
644
643
767
766
765
642
764
824
852
894
895
853
891
825
854
896
926
934
935
936
937
897
898
855
826
809
827
856
858
899
938
1031
1032
1033
1034
1035
1156
1194
1220
1258
1257
1219
1193
1184
1155
1192
1218
1256
1290
1255
1217
1191
1183
1154
1030
1029
1028
1027
1026
1025
1024
1023
1022
1021
1020
1153
1190
1216
1253
1328
1329
1330
1331
1332
1333
1393
1394
1395
1396
1397
1334
1335
1469
1470
1471
1671
1641
1583
1472
1473
1474
1475
1476
1477
1478
1479
1584
1622
1642
1672
1702
1708
1805
1806
1807
1709
1673
1674
1710
1711
1763
1764
1765
1766
1703
1712
1675
1623
1588
1488
1489
1490
1404
1403
1402
1344
1343
1401
1400
1487
1486
1485
1484
1587
1586
1585
1483
1482
1481
1480
1338
1339
1340
1341
1342
1398
1399
1308
1292
1263
1224
1196
1164
1053
1054
1055
1056
1197
1225
1264
1165
1057
1058
1059
1060
1061
907
939
869
868
834
867
906
893
905
904
903
902
901
900
1052
1051
1050
1048
1047
1046
1045
1163
1162
1044
1043
1042
1041
1040
1161
1195
1223
1261
1262
1337
1336
1307
1291
1306
1305
1304
1303
1259
1221
1260
1222
1159
1158
1157
1036
1037
1160
1038
989
988
987
986
985
984
983
982
981
892
859
828
810
860
829
811
807
772
806
653
652
559
546
483
453
305
306
250
251
224
192
172
193
158
21
22
103
104
23
24
106
25
26
27
173
194
253
254
309
310
400
401
432
440
457
489
402
433
441
458
490
403
434
442
459
491
492
460
461
493
462
494
495
529
528
527
526
525
608
607
606
605
604
603
602
601
600
599
598
524
523
522
521
520
514
485
486
454
455
487
515
488
456
439
431
399
398
397
396
308
307
395
394
484
518
519
560
561
659
658
657
656
655
654
773
808
812
830
861
813
862
814
863
864
831
832
865
866
833
777
776
775
774
660
661
662
778
779
780
663
664
781
665
666
667
668
669
670
671
672
784
783
782
835
870
836
871
908
909
940
941
942
943
872
837
815
785
673
674
676
677
678
679
610
611
612
613
547
497
464
328
326
325
324
323
565
563
496
463
443
410
321
320
319
317
316
409
408
407
406
405
404
313
314
315
196
175
263
262
261
260
259
258
257
256
255
195
174
167
159
111
110
109
108
28
29
112
113
114
115
116
117
30
118
119
120
121
31
122
33
34
35
124
160
197
176
198
329
330
331
332
333
334
335
336
412
413
414
415
416
417
418
419
420
421
422
423
424
425
344
343
342
341
340
339
338
337
225
266
204
219
203
201
179
178
200
199
177
36
125
37
38
127
39
40
128
41
161
129
43
44
130
46
131
47
48
132
133
49
50
162
134
135
51
52
136
53
137
138
54
139
184
209
270
269
183
208
229
268
267
220
213
182
207
228
227
206
181
180
205
226
278
346
505
472
506
548
711
710
709
708
707
706
705
704
703
702
701
700
699
698
697
540
541
542
543
504
471
470
503
539
538
537
536
535
502
469
468
501
534
533
532
531
530
500
467
499
466
411
444
465
498
567
566
680
681
682
683
684
685
686
687
688
689
690
691
787
788
692
789
790
791
792
693
695
696
793
794
795
796
797
844
881
880
843
842
879
878
841
840
877
875
786
817
838
874
873
816
993
992
991
1079
1080
1081
1082
1167
1185
1200
1229
1268
1293
1267
1228
1199
1078
1077
1076
1075
1074
1073
1072
1070
1069
1068
1067
1066
1065
1064
1063
1062
1166
1198
1226
1265
1345
1346
1347
1348
1349
1350
1351
1352
1353
1354
1355
1356
1357
1358
1359
1405
1406
1407
1408
1409
1309
1270
1294
1269
1230
1201
1186
1168
1169
944
945
946
947
948
910
911
912
913
914
915
916
917
918
919
920
949
950
951
952
953
954
955
956
1103
1104
1105
1106
1107
1108
1109
1110
1111
1112
1113
1174
1175
1114
1115
1116
1117
1176
1118
1119
1120
1121
1122
1123
1124
963
962
961
960
959
958
887
847
888
848
821
803
802
820
801
819
846
886
818
845
885
884
921
957
882
883
798
712
713
799
800
714
715
716
717
718
719
720
721
722
723
724
725
726
727
728
729
624
623
622
621
620
619
618
617
616
615
614
576
575
574
573
572
571
570
544
507
426
348
349
350
351
352
353
354
355
356
435
445
473
508
516
509
474
446
436
427
428
437
447
475
510
429
438
448
476
511
512
430
210
163
55
56
57
58
164
214
221
360
359
513
760
732
889
994
1125
1177
1178
1179
1180
1283
1381
1317
1316
1315
1281
1280
1207
1237
1279
1380
1379
1378
1417
1538
1537
1536
1535
1534
1533
1532
1531
1530
1529
1528
1416
1312
1313
1314
1278
1236
1206
1187
1205
1235
1277
1276
1377
1376
1375
1374
1373
1372
1371
1370
1415
1414
1413
1412
1369
1368
1367
1310
1411
1410
1366
1365
1364
1363
1295
1273
1232
1203
1311
1296
1275
1234
1204
1173
1101
1100
1099
1098
1172
1097
1096
1095
1094
1093
1092
1091
1171
1170
1090
1089
1088
1087
1086
1085
1084
1083
1202
1231
1271
1272
1362
1361
1360
1507
1506
1505
1504
1503
1593
1615
1627
1681
1647
1614
1626
1646
1680
1704
1679
1645
1625
1592
1502
1501
1500
1499
1498
1497
1496
1495
1494
1493
1591
1590
1492
1491
1589
1624
1643
1676
1677
1644
1678
1713
1767
1768
1808
1809
1810
1811
1812
1813
1814
1815
1769
1770
1771
1772
1816
1921
2005
2006
2007
1922
1923
1981
1924
1926
1927
1928
1929
1930
1931
1932
1933
1982
1935
1936
2212
2213
2249
2214
2215
2216
2217
2093
2058
2035
2009
1947
1946
1944
1943
1942
1941
1940
1939
1938
1937
1782
1781
1818
1780
1779
1817
1778
1776
1775
1774
1718
1717
1716
1715
1714
1682
1648
1683
1596
1595
1594
1509
1510
1511
1597
1598
1512
1513
1514
1515
1517
1518
1573
1519
1520
1521
1522
1523
1524
1525
1526
1527
1574
1783
1819
1784
1785
1820
1786
1787
1788
1789
1790
1791
1684
1649
1628
1599
1540
1541
1542
1543
1544
1545
1546
1600
1547
1549
1550
1686
1629
1650
1685
1821
1822
1823
1959
2014
1958
1956
1955
1954
2013
2012
2011
1953
1952
1951
1950
1949
1948
2060
2095
2218
2219
2220
2221
2130
2131
2132
2222
2223
2224
2225
2097
2133
2226
2098
2250
2251
2252
2253
2255
2257
2383
2410
2411
2446
2455
2382
2381
2380
2445
2444
2379
2378
2377
2443
2442
2466
2531
2532
2493
2494
2533
2567
2568
2569
2570
2640
2641
2642
2871
2870
2869
2939
2973
2972
2971
2970
2938
2868
2867
2866
2807
2806
2805
2804
2803
2801
2800
2799
2798
2797
2840
2795
2794
2793
2792
2790
2789
2788
2787
2786
2839
2785
2784
2783
2782
3043
3089
3044
3045
3090
3046
3047
3048
3091
3050
3051
3092
3053
3054
3055
3056
2937
2911
2955
2969
2968
3301
3302
3303
3321
3346
3320
3345
3319
3392
3503
3504
3505
3417
3418
3419
3745
3744
3847
3846
3810
3781
3759
3743
3845
3809
3780
3758
3742
3757
3779
3808
3844
3862
3945
3946
3947
3949
4008
4009
4010
4011
4012
4013
4014
4015
4016
4017
4187
4186
4185
4183
4182
4241
4327
4311
4299
4277
4261
4181
4180
4179
4178
4177
4176
4175
4326
4310
4298
4276
4260
4240
4173
4172
4171
4169
4168
4167
4166
4165
4239
4163
4162
4161
4160
4159
4158
4157
4156
4155
4154
4153
4152
4151
4150
4148
4238
4259
4275
4296
4309
4325
4412
4413
4414
4415
4416
4417
4418
4419
4420
4421
4422
4297
4423
4424
4425
4426
4427
4429
4430
4431
4474
4475
4476
4477
4433
4434
4435
4436
4437
4438
4478
4479
4480
4481
4439
4440
4441
4442
4627
4626
4699
4717
4744
4781
4825
4826
4998
4997
4996
5100
5099
5098
5097
5173
5217
5256
5297
5314
5344
5464
5465
5466
5467
5406
5407
5408
5298
5174
5175
5345
5346
5475
5477
5543
5542
5726
5983
6124
6156
6312
6311
6393
6392
6441
6491
6442
6492
6443
6539
6578
6577
6725
6792
6793
6794
6795
6796
6888
6889
6935
6934
6933
6932
6931
6906
6887
6851
6886
6824
6538
6490
6489
6537
6576
6724
6723
6722
6721
6758
6720
6719
6718
6716
6715
6650
6649
6570
6529
6481
6437
6482
6530
6552
6531
6483
6438
6406
6381
6382
6293
6292
6291
6290
6289
6287
6380
6379
6436
6480
6528
6569
6648
6647
6712
6711
6791
6790
6710
6709
6789
6708
6706
6705
6704
6786
6787
6788
6810
6821
6848
6882
6904
6881
6847
6846
6880
6927
6928
6929
6976
6977
6949
6978
6979
6930
6905
6883
6849
6822
6823
6850
6884
6885
6980
6951
6982
6983
6952
6953
6984
7085
7084
7083
7082
7081
7080
7131
7079
7078
7077
7076
7074
7073
7072
7071
7070
7130
7069
7068
7066
7065
7064
7063
7062
7061
7129
7060
7059
7160
7159
7158
7157
7058
7057
7056
7156
7055
7054
7053
7052
7155
7154
7192
7218
7246
7245
7217
7191
7181
7153
7180
7190
7216
7244
7268
7215
7243
7283
7355
7356
7357
7358
7359
7428
7429
7430
7431
7535
7432
7536
7537
7433
7434
7435
7538
7628
7568
7592
7627
7663
7662
7626
7591
7533
7625
7590
7567
7532
7427
7426
7425
7531
7530
7424
7423
7422
7529
7528
7527
7421
7420
7419
7526
7525
7524
7587
7621
7622
7588
7566
7589
7623
7648
7624
7661
7660
7659
7658
7657
7727
7726
7800
7801
7802
7803
7804
7805
7806
7807
7809
7810
7811
7812
7813
7814
8084
7972
8083
7971
8081
7969
8080
8173
8160
8159
8158
8124
8157
8156
8078
8018
7910
7798
7797
7796
7795
7909
7794
7793
7792
7791
7908
7949
7967
8015
8075
8076
8016
7968
8017
8077
8123
8122
8225
8319
8224
8223
8221
8220
8219
8583
8604
8605
8584
8585
8606
8586
8607
8513
8456
8408
8343
8226
8227
8229
8230
8345
8409
8457
8514
8515
8458
8410
8346
8231
8232
8233
8234
8347
8411
8459
8517
8518
8460
8412
8348
8235
8236
8237
8349
8350
8351
8238
8239
8240
8353
8413
8463
8521
8520
8462
8461
8519
8563
8564
8565
8522
8523
8524
8466
8416
8356
8355
8415
8465
8464
8414
8354
8241
8242
8243
8244
8245
8246
8247
8248
8249
8250
8251
8252
8358
8357
8417
8467
8525
8468
8526
8566
8587
8588
8710
8817
8818
8819
8711
8712
8713
8714
8715
8716
8820
8821
8717
8718
8720
8721
8722
8823
8822
8874
8916
8969
8968
8915
8873
8872
8914
8967
8966
8913
8871
8965
8912
8870
8869
8911
8964
8998
8990
8910
8963
8997
9030
9031
9106
9146
9147
9148
9166
9174
9172
9165
9173
9164
9157
9153
9163
9307
9306
9305
9304
9303
9383
9302
9301
9300
9299
9214
9192
9191
9213
9298
9297
9296
9295
9294
9382
9293
9292
9291
9290
9212
9211
9190
9097
9098
9099
9100
9101
9141
8955
8902
8863
8862
8901
8954
8953
8900
8861
8860
8899
8952
8951
8898
8859
8858
8897
8950
8896
8949
8948
8895
8856
8857
8801
8802
8803
8804
8805
8806
8807
8808
8809
8903
8956
8995
9026
9027
9102
9103
9104
9105
9029
9028
8996
8960
8907
8959
8906
8866
8865
8905
8958
8957
8904
8864
8810
8811
8812
8813
8814
8867
8908
8961
8962
8909
8868
8815
8816
8709
8708
8707
8706
8705
8704
8703
8702
8701
8700
8699
8698
8697
8696
8695
8694
8692
8691
8690
8689
8688
8686
8685
8684
8683
8682
8680
8679
8678
8677
8676
8675
8674
8673
8672
8671
8670
8669
8668
8667
8666
8664
8663
8662
8660
8659
8800
8855
8854
8894
8945
8946
8947
9020
9055
9021
9022
9056
9024
9057
9096
9095
9094
9093
9092
9091
9090
9140
9089
9088
9087
9086
9085
9084
9083
9082
9081
9139
9080
9079
9152
9161
9180
9207
9181
9182
9208
9183
9184
9185
9209
9186
9187
9210
9188
9189
9162
9289
9288
9287
9285
9284
9381
9283
9282
9281
9279
9278
9277
9276
9274
9273
9380
9272
9271
9396
9395
9270
9269
9394
9402
9407
9413
9418
9444
9509
9445
9447
9510
9448
9449
9450
9512
9451
9452
9513
9453
9454
9455
9514
9456
9457
9515
9458
9459
9460
9516
9461
9462
9517
9464
9465
9408
9309
9310
9397
9311
9312
9384
9313
9314
9316
9317
9318
9216
9194
9109
9110
8970
8824
8723
8724
8784
8725
8726
8728
8729
8730
8731
8732
8733
8568
8569
8570
8571
8572
8573
8742
8741
8740
8739
8738
8737
8736
8735
8734
8825
8826
8917
8971
8918
8972
9000
8999
9040
9039
9038
9037
9060
9036
9034
9059
9033
9111
9112
9113
9142
9114
9115
9116
9117
9061
9062
9063
9064
8973
8875
8919
8974
8975
8920
8876
8827
8828
8829
8750
8749
8748
8746
8745
8744
8595
8593
8540
8480
8425
8373
8284
8283
8282
8280
8279
8278
8277
8276
8275
8274
8273
8272
8367
8368
8369
8370
8371
8372
8479
8539
8538
8478
8477
8537
8536
8476
8424
8390
8423
8475
8535
8534
8592
8609
8591
8590
8608
8589
8532
8531
8473
8422
8472
8530
8529
8471
8420
8421
8363
8362
8361
8419
8470
8528
8527
8469
8418
8359
8253
8254
8255
8256
8257
8258
8259
8260
8261
8166
8167
8262
8364
8365
8264
8265
8320
8266
8267
8268
8269
8270
8271
8169
8168
8095
8033
7980
7928
7929
7981
8034
8096
7982
8035
8097
8098
8036
7930
7853
7852
7851
7850
7848
7847
7846
7845
7844
7843
7926
7842
7925
7841
7839
7838
7924
7979
8032
8094
7837
7836
7835
7834
7833
7832
7923
7977
8030
8092
8165
8164
8134
8133
8132
8027
8091
8131
8174
8163
8130
8129
8128
8162
8161
8127
8126
8085
8021
8086
8022
7914
7912
7815
7817
7818
7819
7820
7821
7823
7916
7915
8023
8087
8088
8024
8090
8026
7917
7824
7825
7826
7827
7918
7919
7950
7974
8028
7975
8029
7976
7921
7830
7829
7920
7828
7694
7728
7674
7664
7630
7594
7631
7595
7539
7443
7442
7441
7440
7439
7438
7436
7313
7284
7247
7219
7248
7249
7250
7285
7286
7314
7360
7315
7316
7361
7317
7251
7319
7362
7320
7321
7363
7323
7324
7325
7364
7326
7327
7365
7328
7220
7221
7252
7287
7288
7253
7222
7193
7164
7163
7162
7161
7086
7088
7089
7090
7091
7092
7094
7165
7166
7269
7289
7478
7545
7544
7477
7476
7543
7542
7474
7473
7472
7470
7469
7468
7467
7512
7466
7465
7464
7463
7461
7460
7459
7458
7457
7511
7456
7455
7454
7453
7451
7450
7449
7448
7447
7510
7445
7444
7695
7729
7696
7697
7730
7698
7699
7700
7731
7701
7702
7732
7703
7704
7705
7733
7706
7707
7734
7709
7710
7633
7597
7634
7665
7666
7667
7735
7859
7858
7933
7932
7985
8101
8137
8040
7984
8039
7983
7856
7855
7854
7931
8038
8100
8135
8170
8171
8136
8290
8289
8288
8287
8285
8374
8426
8481
8541
8542
8482
8427
8375
8376
8291
8292
8377
8543
8574
8596
8752
8751
8830
8976
8991
9001
9123
9122
9121
9120
9119
9118
9150
9149
9155
9158
9168
9154
9167
9196
9219
9197
9220
9350
9349
9347
9346
9345
9344
9343
9342
9388
9341
9340
9339
9338
9337
9336
9335
9334
9386
9332
9331
9330
9329
9195
9218
9217
9327
9326
9325
9324
9323
9385
9322
9321
9320
9319
9466
9518
9467
9469
9519
9470
9471
9472
9520
9473
9474
9521
9476
9477
9478
9522
9479
9480
9523
9481
9409
9482
9524
9483
9484
9525
9485
9405
9410
9648
9822
9951
9995
10006
10088
10087
10124
10086
10147
10146
10145
10144
10143
10142
10141
10110
10140
10139
10138
10137
10135
10134
10133
10132
10131
10130
10129
10020
10099
10021
10022
10100
10023
10024
10025
10101
10026
10027
10102
10028
10029
10031
10103
10032
10033
10104
10034
10035
10036
10105
10037
10038
10106
10039
10040
10014
10001
9999
10010
10015
10016
10002
10003
10017
10018
10041
10042
10044
10045
10046
10108
10047
10048
10109
10049
10004
10051
10052
10053
10112
10054
10055
10056
10113
10057
10058
10114
10059
10060
10061
10115
10062
10063
10116
10064
10065
10005
10067
10117
10068
10069
10118
10070
10071
10073
10119
10074
10075
10120
10076
10077
10078
10121
10079
10081
10122
10082
10083
10084
10123
10085
9950
9949
9948
9947
9946
9945
9982
9944
9943
9942
9940
9939
9938
9937
9935
9934
9981
9933
9932
9931
9930
9929
9928
9927
9926
9925
9980
9924
9923
9921
9920
9919
9918
9917
9916
9915
9979
9914
9913
9994
9993
9911
9910
9909
9908
9907
9906
9905
9978
9904
9903
9902
9901
9900
9899
9898
9897
9896
9977
9895
9894
9892
9891
9890
9889
9887
9886
9885
9976
9884
9883
9881
9880
9879
9878
9877
9876
9975
9875
9874
9873
9872
9870
9869
9992
9991
9990
9989
9988
9867
9866
9865
9864
9863
9862
9861
9860
9973
9859
9858
9857
9856
9855
9854
9853
9851
9850
9972
9849
9848
9846
9845
9844
9843
9842
9841
9840
9971
9839
9838
9837
9836
9835
9834
9833
9832
9831
9970
9830
9829
9987
9986
10000
10009
9997
9969
10007
10150
10098
10097
10096
10128
10095
9968
9967
9966
9965
9964
9963
9962
9961
9984
9960
9959
9958
9957
9956
9955
9954
9953
9952
9983
9941
9936
9922
9912
9893
9888
9882
9871
9868
9974
9852
9847
9985
9996
10043
10050
10111
10066
10072
10080
10125
10089
10090
10126
10091
10092
10093
10127
10094
10149
10148
10136
10107
10030
10013
10019
10008
10011
10012
9998
9828
9714
9711
9713
9715
9727
9803
9742
9747
9808
9761
9765
9773
9821
9781
9782
9823
9783
9784
9785
9824
9786
9787
9825
9788
9789
9790
9826
9791
9792
9827
9793
9794
9795
9796
9722
9797
9723
9724
9798
9725
9726
9728
9799
9729
9730
9800
9731
9732
9733
9801
9734
9735
9802
9736
9737
9738
9804
9739
9740
9805
9741
9743
9716
9701
9699
9702
9703
9717
9744
9806
9745
9746
9807
9748
9749
9750
9809
9751
9752
9810
9753
9704
9754
9811
9755
9756
9812
9757
9705
9692
9700
9706
9718
9758
9813
9759
9760
9814
9762
9763
9707
9712
9719
9764
9815
9766
9767
9816
9768
9769
9770
9817
9771
9772
9818
9774
9775
9776
9819
9777
9778
9820
9779
9708
9709
9720
9721
9780
9710
9646
9696
9695
9645
9644
9643
9642
9641
9640
9685
9639
9637
9636
9635
9633
9632
9631
9630
9629
9684
9628
9627
9626
9625
9624
9623
9622
9621
9620
9683
9618
9617
9694
9693
9616
9615
9614
9612
9611
9610
9609
9682
9608
9607
9606
9605
9604
9603
9602
9601
9600
9681
9599
9598
9597
9596
9595
9594
9592
9591
9680
9590
9589
9587
9586
9584
9583
9582
9581
9580
9679
9579
9578
9577
9576
9575
9574
9691
9690
9573
9571
9570
9569
9568
9566
9565
9678
9564
9563
9562
9561
9560
9559
9558
9557
9556
9676
9555
9554
9553
9552
9551
9550
9548
9547
9546
9675
9545
9544
9542
9541
9540
9539
9538
9537
9536
9674
9535
9534
9533
9673
9672
9671
9670
9669
9668
9667
9666
9688
9665
9664
9663
9662
9661
9660
9659
9658
9657
9687
9656
9655
9654
9653
9652
9651
9650
9649
9647
9686
9638
9634
9619
9613
9593
9588
9585
9572
9567
9677
9549
9543
9689
9697
9698
9532
9414
9411
9419
9420
9426
9506
9441
9446
9511
9463
9468
9475
9526
9486
9487
9527
9488
9489
9490
9528
9491
9492
9529
9493
9494
9495
9530
9496
9497
9531
9498
9499
9412
9406
9415
9421
9500
9422
9423
9501
9424
9425
9427
9502
9428
9429
9503
9430
9431
9432
9504
9433
9434
9505
9435
9436
9437
9507
9438
9439
9508
9440
9442
9416
9417
9443
9404
9401
9403
9400
9393
9268
9266
9265
9264
9263
9261
9260
9379
9259
9258
9257
9256
9255
9254
9253
9252
9251
9377
9250
9249
9248
9247
9246
9245
9243
9242
9241
9376
9240
9239
9237
9236
9235
9234
9233
9232
9231
9375
9230
9229
9392
9228
9227
9374
9373
9372
9371
9370
9369
9368
9390
9367
9366
9365
9364
9363
9362
9361
9360
9359
9389
9358
9357
9356
9355
9354
9353
9352
9351
9348
9387
9333
9328
9315
9308
9286
9280
9275
9267
9262
9378
9244
9238
9399
9398
9391
9226
9171
9169
9159
9151
9145
9067
8992
8932
8780
8601
8577
8558
8436
8175
8172
8143
7951
8050
7994
7745
7864
7738
7673
7668
7715
7722
7613
7616
7569
7593
7629
7632
7596
7570
7540
7541
7475
7471
7462
7452
7446
7437
7534
7523
7519
7396
7504
7547
7635
7559
7368
7270
7254
7179
6987
6909
6890
6908
6910
6862
6834
6811
6863
6911
6945
6947
6974
6948
6950
6981
6954
6955
6956
6985
6957
6958
6986
6959
6960
7103
7104
7105
7106
7107
7108
7109
7110
7111
7112
7113
7173
7172
7170
7169
7168
7167
7102
7101
7100
7099
7098
7097
7096
7095
7132
7093
7087
7075
7067
7051
7049
7047
7039
7037
7128
7027
7021
7011
7001
7134
7133
6996
6988
7171
7205
7234
7182
7183
7206
7235
7306
7342
7311
7312
7353
7318
7322
7329
7366
7330
7331
7367
7513
7479
7480
7481
7482
7483
7484
7485
7486
7487
7546
7548
7549
7550
7551
7575
7602
7640
7639
7601
7574
7573
7600
7638
7637
7599
7572
7571
7598
7636
7714
7713
7737
7712
7711
7736
7708
7857
7849
7840
7831
7822
7816
7808
7799
7789
7779
7911
7913
7922
7927
7978
8031
8093
8089
8025
7973
7970
8020
8082
8019
8079
8125
8155
8150
8214
8218
8222
8228
8344
8342
8338
8330
8187
8176
8325
8385
8437
8493
8443
8499
8560
8561
8557
8562
8509
8453
8405
8407
8455
8512
8516
8352
8360
8263
8281
8366
8474
8533
8567
8594
8610
8597
8598
8611
8599
8600
8575
8576
8769
8768
8767
8766
8765
8764
8763
8762
8761
8760
8759
8758
8757
8756
8755
8754
8753
8785
8747
8743
8727
8719
8693
8687
8681
8665
8661
8783
8647
8641
8631
8621
8612
8839
8787
8788
8844
8884
8935
8882
8933
9006
8993
9019
9054
9023
9025
9058
9032
9035
9041
9065
9042
9043
9066
9044
9045
9002
9003
9004
9130
9129
9128
9127
9143
9126
9125
9124
9108
9107
9193
9215
9221
9222
9198
9199
9223
9156
9170
9200
9224
9201
9202
9225
9175
9176
9160
9069
9068
9137
9136
9135
9134
9133
9144
9132
9131
9007
9047
9046
9005
8984
8928
8880
8927
8983
8982
8926
8879
8878
8925
8981
8980
8924
8923
8979
8978
8977
8921
8922
8877
8831
8832
8833
8834
8835
8836
8837
8838
8770
8771
8772
8773
8774
8775
8776
8777
8842
8841
8840
8929
8985
8986
8930
8881
8931
8987
9008
9048
9049
8988
8778
8779
8613
8614
8615
8786
8843
8883
8934
9009
9050
9010
9011
9051
9012
9013
9014
9052
9015
9016
9053
9138
9074
9073
9072
9071
9070
9177
9203
9204
9205
9178
9179
9206
9078
9077
9076
9075
9018
9017
8632
8633
8634
8635
8636
8637
8638
8639
8640
8642
8643
8644
8645
8646
8648
8793
8792
8791
8790
8789
8845
8885
8936
8937
8886
8846
8847
8887
8938
8939
8888
8848
8849
8889
8940
8941
8890
8850
8794
8649
8650
8651
8652
8795
8851
8891
8942
8892
8943
8989
8994
8944
8893
8853
8852
8796
8653
8654
8797
8798
8799
8658
8657
8656
8655
8511
8406
8454
8510
8508
8452
8404
8340
8341
8217
8216
8215
8213
8212
8211
8339
8403
8451
8507
8337
8402
8450
8506
8505
8449
8401
8336
8335
8334
8400
8448
8504
8503
8447
8399
8333
8332
8331
8398
8502
8446
8501
8445
8397
8396
8444
8500
8582
8581
8603
8580
8579
8602
8630
8629
8782
8628
8627
8626
8625
8624
8623
8622
8620
8619
8781
8618
8617
8616
8559
8494
8438
8391
8495
8439
8392
8326
8393
8440
8496
8497
8441
8394
8327
8328
8395
8442
8498
8578
8329
8185
8184
8183
8182
8181
8180
8179
8178
8177
8324
8323
8322
8317
8316
8389
8556
8555
8554
8492
8435
8553
8491
8434
8388
8315
8314
8313
8312
8387
8386
8433
8490
8552
8551
8550
8489
8432
8488
8549
8548
8487
8431
8430
8486
8547
8546
8485
8429
8484
8545
8544
8483
8428
8378
8379
8380
8381
8382
8383
8384
8311
8310
8309
8308
8307
8306
8305
8304
8303
8302
8301
8300
8299
8298
8297
8296
8295
8294
8293
8321
8286
8142
8099
8037
8102
8138
8139
8103
8041
7986
7934
7935
7860
7861
7862
7863
7937
7936
7987
8042
8104
8105
8140
8106
8043
7988
8044
8107
8141
8108
8045
7989
8109
8046
7990
7944
7943
7942
7941
7940
7939
7938
7865
7866
7867
7868
7869
7870
7871
7872
7873
7874
7875
7876
7877
7878
7879
7880
7881
7882
7948
7947
7946
7945
7991
8047
8110
8111
8048
7992
7993
8049
8112
8051
7995
7952
7996
8052
8114
8144
8145
8146
8147
8115
8053
7997
7885
7884
7883
7739
7740
7741
7742
7743
7744
7746
7747
7748
7749
7750
7886
7953
8054
8055
8056
7998
7888
7887
7751
7752
7753
7754
7755
7649
7650
7680
7718
7681
7682
7719
7683
7684
7685
7720
7686
7687
7721
7688
7689
7651
7652
7611
7610
7580
7516
7517
7400
7399
7398
7397
7395
7394
7393
7392
7391
7509
7390
7389
7388
7387
7386
7385
7384
7383
7382
7508
7381
7380
7379
7515
7514
7579
7609
7679
7678
7717
7677
7676
7716
7675
7507
7371
7372
7373
7374
7375
7376
7377
7378
7335
7292
7291
7334
7290
7370
7369
7506
7505
7558
7578
7608
7646
7645
7607
7606
7644
7672
7671
7670
7669
7643
7605
7604
7642
7641
7603
7576
7577
7552
7553
7554
7555
7556
7557
7503
7502
7501
7500
7499
7498
7497
7496
7495
7494
7493
7492
7491
7490
7489
7488
7333
7332
7255
7223
7194
7195
7224
7256
7257
7225
7196
7197
7226
7258
7259
7227
7198
7199
7228
7260
7261
7229
7200
7174
7114
7115
7116
7117
7118
7119
7120
7121
7122
7176
7175
7201
7230
7262
7263
7231
7202
7203
7232
7264
7265
7233
7204
7177
7178
7123
6989
6990
7124
6991
6992
6993
6994
6995
6961
6937
6962
6963
6938
6939
6964
6669
6667
6666
6665
6587
6586
6611
6585
6584
6610
6583
6664
6755
6663
6662
6660
6659
6581
6580
6554
6754
6753
6752
6751
6806
6807
6861
6899
6860
6833
6832
6859
6898
6897
6858
6831
6830
6857
6896
6895
6856
6829
6804
6805
6750
6749
6748
6747
6746
6803
6802
6745
6744
6743
6801
6828
6855
6894
6936
6907
6893
6854
6827
6853
6892
6891
6852
6825
6826
6797
6798
6800
6742
6741
6740
6739
6738
6737
6736
6735
6734
6733
6732
6731
6730
6759
6729
6728
6727
6726
6717
6714
6713
6707
6703
6757
6694
6692
6679
6762
6761
6668
6661
6760
6799
6808
6658
6553
6342
6221
6114
5933
5830
5781
5727
5679
5605
5730
5678
5616
5610
5609
5608
5556
5555
5553
5478
5476
5474
5473
5472
5471
5470
5424
5350
5349
5302
5221
5315
5347
5317
5321
5306
5272
5233
5200
5197
5229
5191
5222
5220
4999
5177
5127
5136
5144
5324
5444
5445
5446
5447
5456
5457
5340
5310
5283
5288
5247
5208
5157
5166
5089
5096
5125
5401
5461
5460
5532
5528
5796
5816
5827
5828
5798
5799
5829
5550
5549
5548
5547
5554
5546
5545
5544
5468
5409
5410
5469
5411
5412
5413
5414
5415
5416
5417
5299
5257
5218
5176
5418
5419
5420
5421
5606
5607
5633
5729
5783
5782
5677
5632
5676
5631
5630
5728
5928
5929
5986
5987
5988
5989
5934
5832
5833
5834
5835
5936
5935
6018
6065
6020
6066
6162
6129
6128
6166
6127
6161
6064
6160
6126
6113
6112
6062
5985
5927
5926
5925
5924
5923
5932
5922
5921
5920
5919
5918
5917
5916
5915
5914
5931
5913
5911
5902
5891
5878
5875
5872
5866
5862
5930
5856
5852
5842
5837
5831
5984
5938
5996
6019
5990
5995
6063
6125
6157
6130
6170
6195
6171
6172
6204
6174
6179
6182
6217
6183
6184
6218
6185
6186
6187
6219
6188
6220
6189
6061
6158
6159
6333
6332
6331
6330
6329
6341
6328
6327
6326
6325
6324
6323
6322
6321
6320
6340
6319
6318
6317
6316
6315
6314
6313
6310
6309
6339
6294
6288
6279
6277
6262
6258
6255
6251
6248
6338
6231
6228
6394
6540
6582
6612
6588
6589
6624
6591
6592
6593
6652
6595
6596
6653
6597
6598
6599
6654
6600
6601
6655
6602
6603
6604
6656
6605
6606
6657
6607
6608
6609
6579
6541
6407
6444
6493
6494
6445
6344
6343
6395
6334
6335
6336
6222
6223
6224
6225
6226
6227
6229
6230
6345
6408
6446
6495
6542
6555
6496
6447
6409
6346
6347
6232
6233
6234
6235
6337
6236
6237
6238
6239
6240
6241
6242
6243
6244
6348
6410
6448
6497
6498
6449
6411
6349
6245
6246
6247
6249
6350
6412
6450
6499
6543
6556
6500
6451
6413
6351
6352
6250
6252
6253
6254
6353
6414
6452
6501
6544
6502
6453
6415
6396
6354
6397
6416
6454
6503
6504
6455
6417
6398
6355
6194
6193
6192
6191
6190
6135
6136
6137
6138
6139
6140
6141
6086
6116
6085
6084
6035
6083
6082
6081
6034
6002
5992
5949
5991
6001
6033
6080
6115
6079
6032
6031
6078
6077
6030
6000
5946
5947
5948
5859
5858
5857
5855
5800
5801
5802
5803
5804
5805
5950
5951
5952
5860
5953
5954
5955
5861
5863
5864
5865
5956
6004
6003
6036
6087
6037
6088
6117
6142
6196
6197
6198
6199
6089
6038
5867
5957
5786
5760
5699
5652
5653
5700
5761
5762
5701
5734
5702
5654
5621
5622
5655
5703
5735
5763
5806
5807
5808
5809
5810
5811
5764
5765
5704
5656
5705
5657
5511
5510
5586
5585
5584
5509
5583
5582
5581
5508
5507
5506
5580
5579
5650
5649
5696
5697
5651
5698
5733
5759
5758
5757
5756
5755
5695
5648
5575
5576
5501
5502
5503
5504
5577
5578
5505
5364
5365
5366
5367
5368
5369
5370
5371
5325
5308
5275
5236
5203
5143
5025
5024
5023
5022
5021
5020
5019
5018
5017
5141
5142
5202
5235
5274
5307
5273
5234
5201
5186
5140
5016
4890
4891
4892
4893
4894
4896
4897
4798
4756
4725
4672
4529
4530
4531
4532
4534
4535
4536
4537
4538
4539
4541
4675
4674
4673
4726
4757
4799
4800
4758
4727
4759
4801
4802
4760
4728
4676
4542
4543
4544
4545
4546
4547
4729
4761
4803
4902
4901
4900
4899
4850
5026
5027
5028
5029
5145
5030
5031
5032
5033
5146
5276
5237
5277
5278
5238
5239
5240
5280
5279
5326
5327
5328
5329
5330
5331
5332
5333
5281
5241
5282
5334
5512
5513
5587
5736
5766
5789
5790
5812
5813
5814
5815
5791
5792
5793
5794
5795
5767
5737
5706
5658
5623
5588
5514
5515
5516
5517
5518
5519
5520
5521
5522
5523
5591
5590
5589
5624
5659
5707
5708
5660
5709
5768
5769
5770
5771
5772
5738
5712
5663
5662
5711
5710
5661
5592
5524
5525
5526
5593
5594
5595
5596
5527
5664
5713
5773
5787
5886
5970
5969
5994
6012
6049
6100
6122
6149
6121
6212
6211
6148
6120
6099
6098
6047
6048
6011
5993
5968
5885
5884
5883
5882
5881
5966
5967
6010
6046
6097
6147
6096
6045
5965
5880
5879
6009
6044
6095
6210
6209
6208
6207
6146
6119
6094
6043
6008
5964
5877
5963
5876
5962
6007
6042
6093
6118
6092
6041
6006
6091
6040
5959
5960
5961
5874
5873
5871
5870
5869
5868
5958
6005
6039
6090
6143
6144
6200
6201
6202
6203
6205
6206
6145
6173
6274
6273
6272
6271
6270
6366
6365
6269
6364
6402
6424
6464
6514
6546
6515
6465
6425
6426
6466
6516
6559
6636
6635
6513
6463
6423
6401
6363
6400
6422
6462
6512
6545
6625
6626
6627
6628
6629
6630
6631
6632
6633
6634
6698
6778
6777
6776
6697
6775
6696
6695
6774
6773
6693
6772
6818
6840
6871
6901
6917
6872
6873
6841
6819
6842
6874
6918
6972
6971
6970
6969
6968
6967
6946
6916
6870
6869
6839
6817
6769
6768
6767
6684
6685
6686
6687
6688
6689
6690
6770
6771
6691
6558
6511
6461
6421
6362
6268
6267
6266
6361
6460
6510
6509
6459
6420
6508
6458
6419
6358
6359
6360
6265
6264
6263
6261
6260
6259
6257
6256
6357
6356
6399
6418
6456
6505
6506
6457
6507
6557
6623
6622
6621
6620
6619
6618
6617
6616
6615
6614
6613
6670
6671
6756
6672
6673
6674
6675
6676
6677
6678
6763
6764
6765
6680
6681
6682
6683
6766
6809
6813
6835
6866
6867
6836
6814
6837
6815
6816
6838
6868
6915
6914
6913
6912
6900
6865
6944
6943
6966
6942
6941
6965
6812
6864
6940
7026
7025
7024
7023
7022
7127
7020
7019
7018
7017
7016
7015
7014
7013
7012
7126
7010
7009
7008
7007
7006
7005
7004
7003
7002
7125
7000
6999
6998
6997
7293
7294
7295
7336
7296
7297
7337
7298
7299
7300
7338
7301
7302
7339
7303
7304
7305
7340
7307
7308
7341
7309
7310
7403
7402
7401
7581
7612
7772
7773
7774
7901
7900
7771
7770
7769
7899
7898
7961
8006
8066
8065
8064
8005
7960
7897
7768
7767
7766
7765
7764
7763
7762
7761
7892
7893
7894
7895
7896
7959
8004
8063
8062
8003
7958
7957
8002
8061
8060
8118
8117
8113
8059
8001
7956
8058
8000
7955
7890
7891
7760
7759
7758
7757
7756
7889
7954
7999
8057
8116
8148
8149
8186
8188
8189
8318
8190
8191
8192
8193
8194
8195
8196
8197
8198
8199
8200
8201
8202
8203
8204
8205
8206
8207
8208
8209
8210
8067
8007
7962
7963
8008
8068
8069
8009
7964
7902
7775
7776
7777
7778
7904
7903
8011
8071
8010
8070
8119
8120
8151
8152
8072
8012
7965
7905
7906
8013
8073
8121
8153
8154
8074
8014
7966
7907
7790
7788
7787
7786
7785
7784
7783
7782
7781
7780
7653
7614
7582
7562
7560
7404
7405
7406
7518
7563
7564
7615
7723
7690
7691
7724
7692
7725
7693
7654
7655
7656
7647
7620
7586
7565
7561
7585
7619
7584
7618
7617
7583
7520
7521
7522
7418
7417
7416
7415
7414
7413
7412
7411
7410
7409
7408
7407
7274
7273
7272
7271
7238
7208
7237
7236
7207
7184
7135
7028
7029
7030
7031
7032
7033
7034
7136
7137
7138
7035
7036
7139
7209
7239
7275
7276
7240
7212
7187
7211
7186
7210
7185
7140
7141
7038
7142
7266
7277
7241
7213
7188
7143
7040
7041
7042
7144
7145
7043
7044
7045
7046
7146
7147
7189
7214
7242
7267
7278
7343
7344
7345
7346
7347
7348
7349
7350
7351
7352
7354
7282
7281
7280
7279
7148
7149
7048
7150
7151
7152
7050
6975
6925
6926
6879
6845
6878
6924
6973
6923
6903
6877
6902
6876
6922
6921
6920
6919
6875
6843
6844
6820
6779
6699
6700
6701
6780
6781
6782
6783
6702
6784
6785
6644
6643
6642
6641
6640
6561
6639
6638
6560
6637
6590
6517
6467
6547
6518
6468
6427
6403
6367
6275
6276
6278
6368
6369
6469
6519
6548
6520
6470
6428
6404
6370
6405
6429
6471
6521
6549
6562
6563
6564
6645
6646
6566
6567
6568
6551
6527
6479
6435
6478
6526
6525
6477
6434
6476
6524
6565
6550
6523
6475
6433
6474
6522
6432
6473
6431
6472
6430
6371
6372
6373
6374
6280
6281
6375
6282
6283
6284
6376
6377
6378
6286
6285
6214
6213
6101
6050
6013
5971
5972
5887
5888
5889
5890
5973
5974
6014
6051
6102
6123
6215
6216
6150
6151
6152
6153
6105
6104
6103
6052
6053
6015
6054
6055
6106
6107
6056
5978
5977
5976
5975
5892
5893
5894
5895
5896
5897
5979
5980
5898
5899
5900
5901
5903
5904
5905
5906
5907
5908
5909
5910
5982
6059
6110
6109
6058
6017
5981
6016
6057
6108
6181
6180
6178
6177
6176
6175
6155
6154
6295
6296
6297
6386
6385
6384
6383
6532
6484
6571
6572
6573
6533
6485
6439
6486
6534
6487
6535
6574
6575
6651
6594
6536
6488
6440
6390
6389
6388
6387
6298
6299
6300
6301
6302
6303
6304
6305
6306
6307
6391
6308
6111
6060
5912
5725
5675
5541
5405
5404
5403
5402
5463
5462
5343
5313
5296
5255
5216
5172
5095
5094
5093
5092
5091
5090
5088
5087
5086
4944
4945
4946
4989
4990
4991
4992
4993
4994
4995
4824
4780
4743
4716
4698
4742
4779
4823
4845
4822
4778
4741
4715
4697
4624
4623
4622
4621
4620
4619
4618
4617
4616
4615
4614
4613
4612
4611
4610
4694
4696
4740
4777
4821
4943
4942
4941
4940
4939
4938
4861
4844
4820
4776
4739
4609
4608
4607
4606
4693
4692
4605
4604
4603
4602
4601
4600
4599
4598
4597
4596
4473
4472
4410
4409
4408
4406
4405
4404
4403
4402
4400
4399
4398
4397
4396
4324
4323
4308
4295
4395
4322
4294
4258
4274
4293
4394
4393
4392
4390
4389
4388
4321
4307
4292
4273
4257
4469
4383
4384
4385
4387
4470
4471
4578
4688
4713
4735
4771
4813
4814
4982
4981
4980
4979
4978
4858
4841
4812
4770
4734
4712
4687
4686
4685
4684
4577
4576
4575
4683
4733
4767
4809
4810
4768
4769
4811
4857
4856
4855
5160
5188
5206
5245
5287
5161
5189
5207
5246
5289
5209
5248
5210
5249
5211
5162
5163
5053
5054
5055
5056
5057
5164
5058
5059
5060
5061
5062
4928
4927
4926
4924
4923
4922
4859
4815
4772
4690
4583
4581
4580
4584
4585
4586
4587
4588
4590
4591
4592
4593
4595
4691
4714
4736
4773
4816
4842
4983
4984
4930
4931
4932
4933
4934
4935
4817
4774
4737
4738
4775
4818
4843
4860
4985
4986
4936
4937
4987
4988
5080
5079
5078
5077
5076
5075
5074
5073
5072
5071
5070
5069
5068
5067
5169
5168
5167
5066
5065
5064
5063
5165
5213
5252
5214
5253
5293
5312
5342
5385
5386
5387
5388
5389
5390
5391
5392
5393
5394
5395
5396
5294
5254
5215
5170
5081
5082
5083
5084
5085
5171
5295
5400
5399
5398
5397
5540
5674
5724
5723
5673
5629
5615
5604
5539
5538
5537
5536
5535
5601
5602
5603
5614
5628
5672
5722
5742
5826
5825
5824
5823
5797
5780
5822
5821
5779
5741
5721
5671
5627
5670
5720
5778
5820
5819
5818
5817
5777
5740
5719
5669
5626
5625
5668
5718
5739
5788
5776
5775
5774
5714
5715
5665
5666
5716
5717
5667
5599
5598
5597
5529
5530
5531
5533
5600
5534
5458
5459
5341
5311
5292
5212
5251
5291
5384
5383
5382
5339
5290
5250
5381
5380
5379
5338
5337
5455
5454
5453
5452
5451
5450
5449
5448
5336
5335
5378
5377
5376
5375
5374
5373
5372
5284
5242
5204
5156
5243
5285
5309
5286
5244
5205
5187
5159
5158
5052
5051
5050
5049
5048
5047
5046
5045
5044
5043
5042
5041
5040
5039
5155
5154
5153
5038
5152
5151
5150
5149
5148
5147
5034
5035
5036
5037
4912
4911
4910
4908
4853
4839
4907
4906
4905
4903
4852
4851
4804
4762
4805
4763
4679
4678
4677
4548
4550
4551
4552
4553
4555
4556
4557
4680
4558
4560
4561
4562
4563
4564
4681
4730
4764
4806
4914
4915
4916
4917
4918
4919
4920
4921
4974
4975
4976
4977
4854
4840
4807
4765
4731
4682
4573
4572
4571
4570
4569
4568
4567
4566
4382
4381
4291
4256
4272
4290
4306
4320
4468
4467
4380
4379
4377
4376
4375
4374
4373
4372
4319
4305
4370
4369
4368
4366
4365
4364
4363
4362
4361
4360
4318
4289
4288
4287
4271
4255
4254
4270
4286
4358
4357
4356
4355
4354
4353
4285
4269
4253
4225
4056
4058
4059
4060
4061
4062
4063
4064
4065
4067
4068
4069
4070
4226
4227
4228
4229
4071
4072
4073
4074
4075
4077
4078
4079
4080
4081
4082
4084
4085
4086
4230
4088
4089
4090
4091
4092
4093
4094
4095
4097
4098
4099
4100
4231
4232
4101
4102
4103
4105
4106
4107
4108
4109
4110
4112
4113
4233
4114
4115
4116
4117
4119
4120
4121
4122
4123
4124
4234
4235
4125
4236
4237
4127
4128
4129
4130
4131
4132
4133
4135
4136
4137
4138
4139
4140
4141
4143
4144
4145
4146
4147
3933
3934
3936
4006
4007
3878
3937
3938
3939
3940
3941
3942
3943
3861
3879
3842
3843
3807
3778
3741
3672
3670
3669
3668
3667
3666
3664
3663
3740
3661
3660
3659
3658
3657
3656
3655
3654
3739
3653
3652
3650
3649
3648
3738
3777
3806
3841
3860
3776
3805
3840
3859
3877
4005
4004
3932
3931
3929
3928
3876
3875
3839
3804
3838
3926
3925
4003
3874
4002
4001
4000
3999
3873
3998
3997
3924
3922
3921
3996
3835
3834
3802
3774
3732
3731
3773
3801
3833
3919
3918
3916
3915
3914
3913
3912
3911
3910
3909
3872
3832
3831
3800
3728
3726
3772
3799
3830
3771
3798
3829
3908
3907
3906
3905
3904
3725
3770
3796
3827
3903
3902
3901
3900
3869
3857
3794
3825
3868
3899
3898
3897
3896
3867
3866
3895
3894
3893
3824
3793
3768
3573
3572
3571
3570
3569
3568
3567
3566
3565
3564
3563
3562
3561
3717
3767
3792
3823
3888
3889
3890
3891
3892
4055
4224
4223
4222
4221
4250
4267
4251
4268
4252
4284
4317
4316
4315
4314
4351
4350
4349
4507
4506
4505
4668
4508
4509
4510
4511
4512
4513
4514
4515
4516
4517
4518
4520
4669
4670
4521
4522
4523
4525
4526
4527
4528
4671
4724
4755
4797
4849
4838
4723
4754
4796
4887
4886
4885
4884
4883
4882
4881
4795
4753
4722
4666
4711
4721
4752
4793
4794
4973
4972
4971
4970
4969
4847
4837
4792
4751
4720
4710
4750
4791
4790
4749
4719
4664
4665
4504
4503
4502
4501
4500
4499
4498
4497
4496
4495
4494
4493
4492
4491
4490
4489
4488
4487
4486
4485
4484
4709
4661
4660
4659
4658
4657
4656
4655
4654
4653
4652
4651
4650
4649
4648
4647
4646
4645
4644
4643
4704
4642
4641
4640
4639
4785
4832
4951
4952
4953
4954
4955
4865
4956
4957
4958
4959
4960
4961
4962
4963
4964
4965
4834
4786
4746
4706
4708
4747
4787
4835
4966
4967
4968
4836
4867
4868
4869
4870
4871
4872
4873
4874
4789
4748
4718
4662
4875
4876
4877
4878
4879
4880
5010
5011
5012
5013
5132
5131
5130
5129
5009
5128
5182
5193
5225
5261
5262
5226
5194
5227
5263
5228
5264
5318
5319
5320
5265
5133
5134
5183
5195
5230
5266
5304
5435
5436
5437
5438
5439
5359
5322
5268
5267
5231
5196
5184
5135
5137
5014
5269
5270
5198
5138
5015
5139
5185
5199
5232
5271
5305
5440
5441
5442
5443
5323
5360
5361
5362
5363
5500
5574
5647
5694
5693
5646
5620
5613
5573
5612
5619
5645
5692
5732
5754
5753
5752
5751
5690
5643
5691
5644
5571
5572
5499
5570
5569
5568
5498
5497
5496
5495
5567
5494
5493
5566
5565
5564
5492
5491
5490
5489
5488
5487
5486
5560
5561
5562
5563
5617
5639
5686
5685
5638
5637
5684
5746
5747
5748
5640
5687
5785
5749
5688
5641
5618
5642
5689
5750
5848
5847
5846
5940
5941
5942
5943
5944
5849
5850
5851
5853
5854
5945
5999
6028
6075
6029
6076
6165
6169
6134
6133
6074
6027
5998
6026
6073
6072
6025
6071
6132
6164
6070
6024
6069
6023
5997
5939
5845
5844
5843
5841
5840
5839
5838
5937
6022
6068
6131
6168
6167
6163
6067
6021
5836
5784
5683
5636
5485
5484
5483
5482
5481
5682
5731
5745
5744
5743
5680
5634
5681
5635
5611
5559
5480
5558
5557
5479
5552
5551
5351
5352
5353
5354
5355
5356
5357
5358
5425
5426
5427
5428
5429
5430
5431
5432
5433
5434
5260
5224
5192
5181
5126
5303
5259
5223
5190
5180
5008
5007
5006
5005
5004
5003
5002
5001
5000
5124
5179
5301
5316
5348
5423
5422
5300
5258
5219
5178
5123
5122
5121
5120
5119
5118
5117
5116
5115
5114
5113
5112
5111
5110
5109
5108
5107
5106
5105
5104
5103
5102
5101
4950
4949
4948
4947
4862
4929
4925
4913
4909
4904
4898
4895
4889
4888
4848
4846
4866
4788
4833
4829
4705
4707
4663
4667
4519
4524
4533
4540
4549
4554
4559
4565
4574
4579
4582
4589
4594
4689
4732
4766
4808
4819
4695
4625
4628
4629
4630
4631
4632
4700
4782
4827
4863
4864
4828
4783
4745
4784
4830
4831
4703
4638
4637
4636
4635
4702
4701
4634
4633
4445
4444
4443
4328
4483
4482
4432
4428
4411
4407
4401
4391
4386
4378
4371
4367
4359
4352
4348
4465
4346
4312
4300
4278
4262
4170
4164
4149
4142
4134
4126
4118
4111
4104
4096
4087
4083
4076
4066
4057
4054
4047
4045
4038
4020
3968
3881
3850
3816
3820
3747
3515
3383
3352
3702
3713
3716
3795
3826
3797
3828
3870
3871
3917
3920
3923
3927
3930
3935
3944
3671
3673
3674
3675
3676
3677
3746
3782
3811
3848
3863
3849
3880
4019
4018
3952
3951
3950
3948
4174
4184
4242
4188
4189
4190
4191
4192
4193
4194
4195
4243
4301
4329
4447
4446
4448
4449
4450
4451
4452
4453
4313
4330
4454
4455
4456
4457
4458
4459
4460
4302
4279
4263
4303
4461
4462
4463
4464
4466
4331
4332
4333
4334
4335
4336
4337
4338
4339
4340
4341
4342
4343
4344
4345
4347
4282
4283
4266
4249
4220
4048
4049
4050
4051
4052
4053
3887
3886
3885
3884
3883
3882
3995
3994
3993
3992
3991
3990
3989
3988
3987
3986
3985
3984
3983
3982
3981
3980
3855
3865
3976
3977
3978
3979
4033
4034
4035
4036
4037
4039
4040
4041
4042
4043
4044
4046
4281
4265
4248
4219
4032
4031
4030
4029
4028
4027
4026
4025
4024
4023
4022
4021
4304
4280
4264
4247
4218
4217
4216
4215
4214
4213
4246
4245
4212
4211
4210
4209
4208
4207
4206
4205
4204
4203
4244
4202
4201
4200
4199
4198
4197
4196
3953
3954
3851
3812
3955
3956
3957
3958
3852
3813
3784
3749
3959
3960
3961
3962
3963
3964
3965
3966
3967
3969
3970
3971
3972
3973
3974
3975
3864
3853
3814
3760
3785
3854
3815
3786
3761
3750
3710
3709
3547
3708
3707
3706
3705
3704
3703
3701
3700
3699
3698
3697
3696
3695
3694
3693
3692
3691
3690
3689
3688
3687
3686
3685
3684
3748
3783
3683
3682
3681
3680
3679
3678
3513
3512
3514
3516
3517
3518
3381
3420
3519
3520
3521
3522
3523
3524
3525
3382
3348
3323
3306
3257
3256
3255
3254
3253
3252
3251
3250
3249
3248
3305
3247
3246
3245
3243
3242
3241
3240
3239
3238
3237
3062
3061
3063
3064
3065
3066
3067
3068
3069
3070
2942
2914
2896
2874
3071
3072
3073
3074
2943
2944
2915
2946
2975
3259
3258
3307
3324
3349
3384
3526
3527
3528
3421
3422
3423
3386
3385
3350
3260
3261
3262
3263
3264
3308
3268
3093
3094
3095
3096
3269
3312
3325
3351
3387
3393
3424
3425
3529
3530
3531
3532
3711
3751
3762
3787
3817
3818
3788
3763
3752
3712
3548
3549
3550
3551
3552
3753
3764
3789
3819
3856
3714
3754
3765
3790
3821
3822
3791
3766
3755
3715
3553
3554
3555
3556
3557
3558
3559
3560
3436
3437
3438
3439
3440
3441
3442
3443
3359
3398
3444
3445
3446
3389
3309
3310
3279
3125
3124
3123
3122
3278
3121
3120
3119
3118
3117
3116
3115
3114
3113
3112
3111
3110
3109
3108
3276
3314
3329
3358
3435
3434
3433
3357
3356
3328
3327
3355
3397
3396
3432
3431
3536
3535
3395
3534
3533
3430
3429
3428
3427
3426
3394
3353
3270
3097
3098
3099
3100
3101
3313
3326
3354
3388
3272
3102
3103
3104
3105
3106
3273
3274
3275
3107
2988
2987
2986
2985
2984
2983
2982
2981
2980
2979
2978
2917
2898
2883
2843
2842
2674
2675
2676
2677
2678
2679
2680
2681
2682
2684
2685
2686
2687
2688
2689
2690
2691
2692
2693
2844
2884
2899
2918
2919
2845
2695
2696
2697
2698
2699
2700
2701
2702
2703
2846
2885
2900
2920
2989
2990
2991
2992
2993
2994
2995
2996
2997
2998
2999
3000
3001
3002
2922
2714
2713
2712
2711
2710
2709
2708
2707
2706
2705
2704
2598
2599
2600
2601
2549
2508
2509
2475
2461
2418
2419
2301
2303
2304
2305
2306
2307
2308
2309
2310
2311
2312
2420
2421
2313
2314
2315
2316
2317
2318
2422
2424
2320
2321
2322
2323
2324
2325
2425
2426
2427
2428
2430
2328
2327
2326
2170
2171
2172
2173
2174
2175
2176
2087
2177
2178
2179
2180
2182
2183
2184
2185
2186
2187
2188
2189
2190
2191
2192
2193
2194
2195
2196
2197
2198
2199
2200
2201
2088
2055
2033
2112
2127
2202
2203
2204
2205
2245
2364
2365
2366
2530
2635
2634
2655
2633
2632
2566
2630
2631
2653
2654
2761
2760
2759
2757
2756
2755
2754
2753
2752
2863
2750
2749
2748
2747
2746
2745
2862
2891
2908
2933
3018
3017
3016
2932
2861
2739
2740
2741
2742
2743
2627
2628
2629
2528
2491
2464
2440
2543
2529
2492
2465
2441
2363
2362
2361
2360
2359
2358
2357
2356
2355
2354
2353
2352
2351
2350
2349
2438
2439
2463
2490
2527
2526
2626
2625
2624
2623
2738
2737
2736
2735
2734
2860
2859
2907
2931
3015
3014
3013
2967
2966
3012
3011
2965
2964
2930
2906
2857
2858
2729
2730
2731
2732
2733
2617
2618
2619
2620
2564
2565
2621
2622
2524
2488
2523
2487
2435
2436
2525
2489
2462
2437
2348
2347
2346
2345
2344
2343
2342
2341
2340
2339
2338
2337
2335
2334
2333
2332
2434
2433
2331
2330
2329
2432
2431
2482
2481
2480
2479
2515
2516
2517
2518
2519
2483
2520
2484
2486
2522
2563
2562
2561
2560
2559
2557
2556
2555
2554
2616
2615
2614
2613
2552
2514
2478
2513
2612
2611
2610
2609
2608
2551
2550
2511
2476
2510
2607
2606
2605
2604
2603
2602
2715
2716
2717
2848
2849
2886
2901
2923
2924
2950
2958
3003
3004
3075
3076
3077
3078
2959
2951
2960
2952
2926
2902
2887
2881
2850
2718
2852
2888
2903
2927
2953
2928
2904
2889
2882
2853
2719
2720
2721
2854
2722
2723
2724
2725
2726
2727
2728
2856
2890
2905
2929
2954
2963
3086
3085
3084
3083
3010
3009
3008
3007
3006
3005
3082
3081
3080
3079
3133
3132
3131
3282
3129
3128
3127
3126
3280
3281
3330
3360
3399
3390
3400
3391
3361
3331
3315
3283
3135
3136
3137
3138
3139
3141
3142
3284
3285
3143
3145
3146
3147
3148
3149
3150
3151
3152
3153
3286
3287
3364
3333
3365
3367
3335
3336
3368
3369
3337
3291
3290
3289
3288
3154
3156
3157
3158
3159
3160
3161
3162
3163
3164
3165
3166
3167
3169
3170
3171
3172
3173
3174
3175
3176
3178
3179
3180
3181
3183
3293
3184
3185
3294
3295
3187
3188
3189
3191
3192
3193
3296
3297
3194
3195
3265
3196
3197
3486
3413
3412
3375
3340
3374
3484
3483
3411
3373
3339
3338
3372
3410
3409
3371
3370
3480
3479
3478
3477
3476
3475
3474
3473
3472
3471
3470
3469
3468
3467
3466
3408
3407
3406
3405
3404
3403
3465
3464
3463
3462
3461
3460
3459
3402
3363
3332
3362
3457
3456
3454
3453
3452
3542
3541
3540
3401
3539
3450
3449
3448
3447
3538
3537
3574
3575
3718
3756
3769
3719
3576
3577
3720
3578
3579
3580
3581
3582
3722
3723
3584
3585
3586
3587
3588
3589
3590
3591
3592
3594
3595
3596
3597
3598
3599
3600
3601
3602
3603
3604
3605
3606
3729
3730
3608
3609
3610
3611
3612
3613
3615
3616
3617
3618
3619
3620
3622
3623
3624
3625
3626
3627
3629
3630
3631
3632
3836
3858
3837
3803
3775
3733
3734
3634
3635
3636
3735
3736
3737
3638
3639
3640
3641
3642
3643
3645
3646
3647
3543
3487
3488
3544
3489
3490
3491
3545
3492
3493
3546
3494
3495
3497
3498
3377
3317
3311
3342
3415
3499
3501
3502
3416
3378
3343
3379
3344
3318
3299
3300
3229
3228
3227
3226
3225
3224
3223
3222
3221
3219
3218
3217
3216
3215
3214
3212
3211
3210
3209
3208
3207
3206
3266
3205
3204
3203
3202
3201
3200
3198
3042
3041
3088
3040
3039
3087
3038
3037
3036
3035
3034
3033
3032
3031
3030
3029
3028
3026
3025
3024
3023
3021
3020
3019
2934
2935
2909
2892
2864
2762
2763
2764
2765
2766
2767
2768
2769
2770
2772
2773
2774
2775
2838
2776
2777
2778
2780
2779
2656
2636
2657
2658
2638
2639
2659
2376
2375
2374
2373
2409
2372
2371
2369
2248
2211
2210
2209
2368
2367
2247
2208
2207
2246
2206
2091
2090
1920
1919
1918
1916
2003
2002
1915
1914
1913
1912
1911
1910
1909
1908
1907
1906
1905
1904
1903
1902
1901
1900
1899
1898
1897
1896
1895
1894
1892
1891
1890
1889
1888
1887
1886
1885
1884
1883
1882
1881
1880
1879
1878
1877
1876
1875
2000
2032
2054
2086
2169
2168
2167
2166
2165
2164
2163
2162
2161
2160
2159
2158
2085
1864
1865
1866
1867
1868
1869
1871
1872
1873
1874
1804
1803
1802
1801
1762
1761
1760
1759
1758
1707
1800
1757
1756
1755
1754
1753
1752
1751
1750
1749
1748
1747
1746
1745
1744
1743
1742
1668
1638
1619
1580
1581
1620
1639
1669
1670
1640
1621
1582
1468
1467
1466
1465
1464
1463
1462
1461
1460
1459
1458
1457
1456
1455
1454
1453
1452
1451
1450
1449
1448
1447
1446
1445
1444
1443
1579
1667
1741
1740
1799
1798
1701
1666
1637
1618
1613
1577
1617
1636
1665
1739
1738
1737
1736
1735
1734
1733
1732
1731
1730
1729
1728
1832
1984
1985
1833
1834
1836
1837
1838
1839
1840
1841
1842
1843
1844
1845
1846
1987
1986
2028
2045
2075
2027
2044
2074
2150
2149
2148
2147
2237
2236
2116
2073
2043
2026
2025
2042
2072
2109
2071
2144
2143
2115
2235
2234
2142
2141
2233
2232
2108
2070
2040
2024
2041
1831
1829
1828
1827
1983
1826
1825
1824
1980
1979
1797
1706
1700
1664
1635
1616
1576
1575
1572
1571
1570
1569
1568
1567
1612
1633
1662
1699
1661
1698
1727
1795
1796
1978
1977
2022
2107
2114
2137
2397
2398
2399
2400
2401
2402
2403
2404
2405
2406
2407
2453
2452
2451
2471
2499
2539
2500
2540
2571
2572
2541
2501
2472
2454
2408
2259
2260
2261
2262
2263
2264
2265
2266
2267
2268
2269
2270
2271
2272
2414
2273
2274
2275
2276
2277
2278
2279
2280
2281
2282
2415
2283
2284
2285
2286
2287
2288
2289
2242
2241
2240
2117
2239
2238
2152
2151
2110
2076
2046
2029
1988
1847
1848
1849
1850
1851
1852
1853
1854
1855
1856
1857
1858
1859
1860
1861
1862
1998
2023
2031
2053
2084
2111
2244
2243
2157
2156
2155
2123
2122
2121
2120
2080
2049
2050
2081
2082
2051
1996
1995
1994
1993
1991
1990
1989
2030
2047
2078
2048
2079
2118
2119
2153
2154
2300
2299
2298
2297
2417
2507
2506
2474
2460
2416
2296
2295
2294
2292
2291
2290
2597
2596
2595
2594
2593
2592
2591
2590
2589
2588
2548
2459
2473
2505
2542
2652
2651
2587
2586
2585
2584
2583
2504
2502
2547
2582
2581
2580
2579
2578
2577
2576
2575
2574
2573
2650
2649
2648
2835
2836
2837
2879
2880
2673
2841
2949
2977
2976
2948
2947
2916
2897
2878
2877
2876
2834
2833
2832
2831
2830
2829
2828
2827
2826
2825
2824
2823
2822
2821
2820
2819
2818
2873
2895
2913
2941
2872
2894
2912
2940
3060
3059
3058
3057
3052
3049
3027
3022
3199
3213
3220
3230
3231
3232
3233
3234
3235
3236
3304
3322
3347
3380
3511
3510
3509
3508
3507
3506
3500
3496
3665
3662
3651
3644
3637
3633
3628
3621
3614
3607
3593
3727
3724
3721
3583
3451
3455
3458
3366
3334
3316
3481
3482
3485
3414
3376
3341
3298
3190
3186
3182
3177
3168
3292
3155
3144
3140
3134
3130
3277
3271
3267
3244
2974
2956
2945
2875
2683
2694
2847
2851
2855
2925
2921
2957
2961
2962
2936
2910
2893
2865
2744
2751
2758
2771
2781
2791
2796
2802
2808
2809
2810
2811
2812
2813
2814
2815
2816
2817
2661
2662
2663
2664
2665
2666
2667
2668
2669
2670
2671
2672
2645
2646
2647
2538
2498
2470
2537
2497
2469
2457
2544
2536
2496
2468
2456
2448
2450
2458
2395
2396
2140
2135
2104
2067
2068
2105
2106
2021
1976
2019
1975
1974
1971
1972
1973
2018
2038
2065
2102
2066
2103
2139
2231
2230
2229
2228
2227
2101
2064
2037
2017
1970
1969
1968
1967
1966
1965
1964
1963
1719
1720
1721
1722
1723
1724
1794
1697
1660
1565
1564
1563
1562
1561
1560
1559
1558
1557
1556
1555
1554
1553
1552
1551
1601
1602
1603
1604
1605
1606
1607
1608
1609
1610
1632
1659
1696
1695
1658
1657
1694
1693
1656
1655
1692
1691
1654
1631
1653
1690
1689
1652
1630
1651
1688
1793
1945
1957
1960
1961
1962
2016
2015
2010
2008
1934
1925
1773
1777
1792
1687
1548
1539
1516
1508
1319
1266
1227
1233
1274
1320
1321
1282
1238
1239
1284
1322
1382
1383
1384
1418
1385
1386
1419
1387
1388
1323
1566
1324
1325
1288
1242
1241
1287
1286
1240
1136
1137
1138
1139
1140
1142
1005
1144
1208
1244
1243
1420
1421
1422
1423
1424
1425
1426
1427
1428
1430
1431
1432
1433
1434
1435
1436
1437
1438
1439
1578
1440
1441
1442
1302
1301
1300
1249
1213
1214
1250
1251
1215
1252
1019
1018
1017
1152
1151
1150
1016
1014
1013
1012
1149
1148
1147
1011
1146
1145
1182
1189
1211
1247
1212
1248
1299
1298
1392
1391
1390
1297
1289
1246
1210
1245
1209
1188
1006
1008
1009
1010
924
925
851
823
822
850
849
933
980
932
930
979
929
978
977
1000
976
975
999
974
973
972
998
971
970
997
969
968
967
996
966
965
964
995
1135
1134
1133
1132
1143
1131
1130
1129
1128
1127
1126
1102
1071
1049
1039
1015
1007
1254
1327
1326
1611
1705
1726
2020
2039
2069
2113
2136
2254
2256
2258
2412
2449
2535
2545
2546
2503
2413
2477
2512
2485
2521
2553
2558
2637
2660
2643
2644
2534
2495
2467
2447
2394
2393
2392
2391
2390
2389
2388
2387
2386
2385
2384
2370
2336
2429
2423
2319
2302
2293
2146
2145
2077
2052
2083
2124
2125
2126
2181
2128
2129
2134
2138
2100
2063
2062
2099
2096
2061
2036
2059
2094
2034
2057
2092
2089
2056
2004
1917
1893
2001
1999
1997
1870
1863
1992
1835
1830
1725
1663
1634
1429
1389
1318
1285
1181
1141
1004
1003
1002
1001
928
758
583
369
293
301
304
388
311
312
318
322
327
345
347
357
358
389
361
362
363
364
365
366
367
368
370
390
371
372
373
374
375
376
377
378
379
391
380
381
382
383
384
385
386
283
284
387
285
286
287
288
289
290
291
392
292
449
478
477
517
553
552
594
551
550
593
549
592
591
630
590
589
629
588
587
586
628
585
584
627
582
581
580
626
579
578
625
577
569
568
609
564
562
597
558
595
635
805
804
890
922
923
931
857
990
927
876
839
675
694
730
731
761
733
734
735
736
737
738
739
740
741
762
742
743
744
745
746
747
748
749
750
763
751
752
753
754
755
756
757
631
632
759
633
634
636
637
638
639
640
641
545
479
480
450
481
451
295
393
294
223
187
169
186
236
235
185
234
275
233
232
274
230
211
168
282
273
272
281
280
271
279
202
265
264
277
252
243
276
231
222
215
166
165
66
70
76
150
87
90
16
102
105
107
32
123
126
42
45
59
60
140
141
61
142
143
62
144
151
63
145
146
147
148
64
65
67
1
