1
33
34
35
36
37
2
3
4
39
38
109
40
41
5
42
43
44
45
46
169
111
113
6
7
3109
3080
3041
3040
3034
2976
2932
2903
2933
2977
2978
2934
2904
2839
2838
2726
2727
2728
2729
2730
2731
2840
2841
2842
2732
2733
2734
2843
2844
2899
2906
2938
2984
2983
2982
2937
2936
2981
2980
2979
2935
2905
3043
3081
3044
3045
3046
2907
2939
2985
2986
2987
2940
2908
2941
2988
2989
2942
2909
2990
3049
3082
3047
3110
3111
3112
3113
3114
3115
3018
3017
2925
2966
3016
3038
3015
2965
3098
3099
3068
3105
3106
3069
3070
3071
3072
3100
3019
3107
2808
2222
2221
2174
2141
2119
2097
2096
2118
2140
2173
2220
2248
2274
2321
2322
2323
2324
2325
2326
2327
2294
2275
2276
2295
2277
2175
2223
2224
2225
2332
2278
2226
2102
2033
2032
2101
2100
2031
2029
2099
2098
2028
2026
1934
1935
1897
1863
1822
1762
1703
1702
1701
1700
1699
1698
1697
1696
1695
1694
1693
1692
1759
1758
1757
1756
1754
1690
1689
1688
1687
1686
1685
1684
1682
1681
1680
1679
1678
1677
1676
1675
1748
1749
1750
1751
1752
1753
1789
1817
1856
1857
1858
1819
1860
1895
1931
1932
1933
1896
1820
1861
1862
1821
1791
1760
1761
1864
1951
2667
2862
2863
2901
2914
2951
2998
2950
2997
2996
2949
2995
2948
2861
2859
2858
2913
2947
2994
2993
2946
3056
3084
3083
3085
3086
3087
3058
3088
3089
3090
3059
3060
3061
2999
2952
2915
2864
2865
2866
2916
2953
3000
3092
3091
3093
3094
3001
3037
3062
2917
2954
3002
3003
3063
3097
3004
2955
2918
2871
2902
2919
2956
3005
3064
3065
3066
2957
3006
3008
2959
3009
3010
2960
2920
2921
2961
3011
3012
2962
2922
2923
2963
3013
2879
2878
2877
2875
2874
2873
2872
2788
2787
2786
2785
2784
2783
2870
2869
2782
2780
2868
2867
2778
2777
2776
2775
2774
2773
2771
2770
2769
2768
2767
2766
2765
2764
2763
2762
2761
2760
2759
2758
2757
2756
2755
2754
2753
2752
2751
2750
2749
2748
2747
2746
2857
2856
2900
2853
2854
2855
2910
2944
2911
2945
2912
2992
3055
3054
3053
3052
3051
3050
3036
2991
2943
2852
2745
2744
2655
2656
2689
2642
2508
2546
2507
2545
2506
2594
2593
2505
2504
2544
2592
2641
2654
2707
2706
2739
2740
2741
2742
2743
2851
2850
2848
2847
2846
2845
2738
2737
2736
2735
2704
2705
2653
2640
2589
2542
2502
2503
2543
2590
2591
2441
2442
2343
2342
2341
2340
2339
2440
2439
2438
2338
2337
2336
2335
2437
2436
2435
2434
2334
2333
2492
2491
2490
2489
2488
2330
2299
2282
2235
2182
2110
2053
2054
2055
2056
2112
2113
2114
2057
2058
2059
2060
2061
2062
1964
1965
1966
2065
2064
2149
2184
2185
2150
2115
2120
2151
2186
2239
2252
2251
2303
2302
2301
2300
2285
2284
2237
2236
2183
2148
2052
2109
2108
2051
2050
2049
2048
2047
2046
2045
2044
2043
2042
2041
2040
2106
2103
2104
2105
2039
2038
2037
2036
2035
2034
2030
2027
2025
2015
2083
2080
2077
1985
1974
2111
2249
2238
2283
2331
2421
2586
2702
2639
2581
341
340
818
847
887
888
889
771
770
769
698
697
768
767
766
765
886
885
919
934
935
936
937
1025
1026
1027
1028
1029
1030
1031
1098
1096
1095
1139
1172
1206
1207
1173
1140
1208
1174
1141
1142
1175
1209
1237
1210
1176
1143
1144
1177
1212
1238
1258
1307
1306
1257
1305
1304
1355
1356
1357
1358
1359
1361
1362
1423
1422
1463
1489
1524
1525
1490
1464
1466
1492
1527
1548
1493
1528
1529
1494
1467
1468
1495
1530
1549
1564
1565
1566
1567
1568
1601
1602
1569
1603
1538
1539
1706
1575
1570
1442
1441
1440
1439
1383
1438
1476
1504
1537
1550
1536
1503
1535
1502
1475
1474
1501
1534
1533
1500
1473
1472
1499
1532
1531
1498
1471
1497
1470
1496
1469
1428
1430
1431
1432
1433
1434
1435
1436
1437
1381
1380
1378
1377
1376
1375
1374
1373
1372
1370
1369
1281
1262
1217
1216
1181
1149
782
783
784
785
724
723
722
721
720
719
718
646
618
585
508
542
583
582
541
617
645
644
465
338
339
294
271
248
215
187
186
214
247
293
292
291
246
245
244
213
184
183
212
243
182
211
242
241
337
17
60
61
62
63
130
129
128
127
126
56
57
15
16
58
59
125
124
123
121
13
14
12
55
54
53
120
52
11
10
51
50
49
117
118
119
175
204
234
266
282
327
328
329
330
331
332
283
317
318
235
267
268
285
286
287
176
205
236
237
206
177
238
207
178
180
208
239
269
289
319
336
335
334
333
288
270
240
209
181
131
64
18
19
65
132
66
21
72
71
70
20
69
68
67
133
134
135
137
138
139
140
141
73
74
75
22
76
77
78
79
144
143
142
188
216
249
250
218
189
190
219
251
272
252
220
191
170
145
82
81
80
23
83
84
85
86
87
88
150
148
147
146
253
221
192
193
222
254
255
223
195
273
296
297
298
256
198
225
197
224
196
151
152
153
24
89
90
417
416
474
473
472
491
513
547
590
514
548
515
549
516
591
620
619
666
665
664
663
662
604
589
546
512
490
511
545
588
587
544
510
509
543
586
468
469
470
415
414
413
412
411
410
409
467
466
408
407
406
405
404
403
402
401
463
462
461
460
400
399
398
397
396
395
457
458
459
576
536
502
503
537
577
504
538
579
580
505
539
506
540
507
581
616
615
773
772
699
700
701
702
774
804
821
850
892
921
920
891
849
820
803
819
848
890
981
982
983
984
822
851
893
894
852
823
824
853
895
896
854
825
779
778
777
776
775
703
704
705
706
707
708
709
710
711
712
713
714
715
716
717
781
826
855
897
959
960
961
962
939
856
898
899
857
827
828
858
900
901
859
829
922
902
940
786
725
726
787
789
790
904
903
941
943
944
1048
1047
1116
1115
1113
1127
1153
1186
1222
1154
1187
1155
1188
1156
1223
1265
1264
1312
1311
1310
1309
1308
1263
1240
1221
1185
1152
1126
1151
1184
1220
1219
1183
1150
1182
1218
1110
1111
1112
1046
1045
1044
1043
1042
1041
1109
1108
1040
1039
1038
1037
1107
1105
1104
1103
1102
1036
1035
1101
1100
1099
1032
1033
1034
1145
1178
1213
1214
1239
1259
1260
1261
1215
1148
1180
1147
1179
1146
1363
1364
1365
1366
1367
1427
1426
1425
1424
1563
1562
1600
1599
1892
1930
1929
1893
1855
1816
1788
1814
1853
1852
1813
1787
1812
1851
1850
1811
1786
1785
1810
1849
1891
1890
1889
1888
1877
1847
1848
1747
1746
1745
1744
1669
1670
1672
1673
1743
1742
1784
1809
1846
1845
1808
1783
1926
1887
1807
1844
1843
1806
1782
1781
1805
1842
1739
1740
1741
1668
1667
1665
1664
1663
1662
1661
1660
1659
1658
1657
1656
1655
1654
1736
1737
1738
1780
1804
1841
1840
1803
1779
1802
1839
1886
1925
1998
1999
2000
2001
2002
2003
2082
2081
2128
2159
2205
2242
2204
2158
2127
2126
2157
2203
2309
2366
2367
2368
2369
2370
2371
2372
2373
2374
2375
2376
2377
2378
2462
2461
2460
2459
2458
2457
2456
2455
2453
2454
2364
2363
2362
2361
2360
2359
2358
2357
2356
2355
2451
2452
2493
2509
2549
2600
2599
2548
2547
2598
2661
2662
2663
2691
2692
2664
2665
2643
2603
2552
2510
2551
2602
2601
2550
2709
2710
2666
2604
2553
2511
2512
2554
2605
2606
2555
2513
2514
2556
2607
2557
2608
2609
2558
2515
2610
2559
2516
2560
2611
2644
2668
2712
2713
2714
2715
2670
2669
2645
2612
2561
2517
2613
2465
2464
2463
2379
2310
2311
2265
2206
2160
2129
2130
2161
2207
2243
2131
2162
2208
2244
2266
2313
2312
2314
2315
2267
2209
2116
2132
2163
2210
2211
2164
2133
2117
2268
2269
2212
2165
2134
2135
2166
2213
2245
2136
2167
2214
2270
2317
2316
2383
2382
2381
2466
2467
2615
2563
2519
2520
2564
2616
2646
2716
2717
2671
2672
2673
2693
2694
2695
2696
2718
2719
2720
2721
2674
2675
2676
2623
2528
2572
2527
2571
2526
2525
2570
2622
2648
2647
2621
2569
2524
2495
2472
2523
2568
2620
2471
2469
2522
2567
2619
2618
2566
2617
2565
2521
2494
2468
2384
2385
2386
2387
2389
2390
2391
2392
2393
2394
2395
2396
2398
2399
2400
2473
2474
2475
2476
2403
2404
2405
2406
2496
2477
2478
2625
2649
2678
2677
2699
2805
2884
2883
2882
2881
2880
2804
2803
2801
2800
2799
2798
2797
2796
2795
2794
2793
2792
2791
2790
2318
2215
2168
2137
2138
2169
2216
2246
2170
2217
2218
2171
2139
2172
2219
2247
2273
2272
2271
2320
2319
2022
2023
2024
2095
2094
2093
2092
2021
2020
2019
2018
2016
2017
2091
2090
2089
2014
2013
2012
2011
2010
2009
2008
2088
2087
2007
2086
2085
2084
2004
2005
2006
1950
1994
1995
1996
1997
2079
2078
2125
2155
2200
2201
2156
2262
2202
2308
2354
2708
2597
2690
2660
2659
2658
2657
2595
2596
2257
2194
2241
2193
2256
2192
2124
2255
2344
2345
2346
2443
2347
2348
2349
2350
2444
2445
2446
2351
2352
2447
2448
2449
2450
2353
2291
2260
2259
2258
2196
2197
2198
1993
2076
2075
2074
1992
1991
2073
2072
1990
1989
1988
1987
1986
1984
1983
1982
1981
1980
1979
1978
1977
1976
1975
1973
1972
1971
1970
1969
2063
1968
1967
2068
2067
2066
2187
2240
2253
2286
2306
2287
2288
2307
2289
2290
2254
2152
2188
2189
2153
2121
2122
2154
2190
2191
2123
2071
2070
2069
2304
2305
2501
2541
2588
2587
2585
2540
2500
2499
2539
2584
2583
2582
2538
2498
2638
2637
2685
2686
2687
2688
2725
2724
2836
2835
2834
2833
2898
2897
2832
2831
2830
2829
2828
2827
2826
2825
2895
2894
2893
2891
2890
2889
2888
2824
2823
2822
2821
2820
2819
2818
2817
2816
2815
2814
2813
2812
2682
2629
2531
2532
2576
2630
2631
2650
2683
2632
2533
2703
3119
3118
3117
3116
3067
3096
3095
3057
3048
3042
3035
3039
3022
2892
2837
2849
2860
2772
2779
2781
2789
2802
2806
2807
2809
2810
2811
2887
2886
2885
2876
2958
3007
3014
2964
2924
2926
2967
3020
3021
2968
3073
3101
3108
3102
3076
3075
3074
3023
2927
2969
3024
3025
2970
2928
2971
3026
2929
2972
3027
3028
3077
3078
3104
3103
3079
3029
2973
3030
2974
2930
2931
2975
3031
3032
3033
2896
2722
2723
2684
2652
2651
2636
2580
2537
2536
2579
2635
2634
2578
2535
2534
2577
2633
2485
2486
2487
2433
2432
2431
2430
2429
2428
2427
2426
2425
2424
2423
2422
2484
2483
2482
2420
2419
2418
2417
2416
2415
2481
2414
2413
2480
2530
2575
2628
2627
2681
2701
2700
2680
2679
2698
2697
2711
2614
2562
2518
2470
2365
2380
2388
2397
2401
2402
2407
2408
2409
2410
2411
2412
2479
2497
2529
2573
2624
2626
2574
2107
2250
2233
2180
2147
2181
2234
2281
2280
2329
2328
2298
2297
2279
2232
2179
2146
2145
2231
2230
2144
2178
2229
2228
2177
2143
2142
2176
2227
2296
2293
2292
2264
2263
2261
2195
2199
1894
1928
1927
1832
1905
1901
1900
1870
1769
1772
1615
1403
1231
300
299
226
258
259
227
199
228
261
301
302
320
321
303
304
229
262
263
230
200
164
104
103
102
101
162
161
160
100
26
99
98
159
158
157
97
96
95
94
156
155
154
93
25
92
91
149
136
163
110
168
112
122
179
210
185
217
194
257
295
290
284
277
275
274
260
428
558
647
653
578
584
387
464
471
475
592
550
517
518
551
593
594
552
519
478
477
476
418
419
420
421
422
423
424
425
479
480
520
553
596
595
621
791
788
780
805
761
752
748
743
797
912
908
913
915
927
933
938
942
945
905
860
830
861
906
907
862
831
794
793
792
727
728
729
730
731
732
733
734
735
736
737
795
832
863
909
946
1056
1055
1054
1053
1052
1051
1050
1049
1114
1106
1097
1012
1211
1204
1297
1418
1405
1404
1453
1450
1551
1573
1554
1555
1560
1526
1491
1465
1429
1360
1368
1371
1379
1382
1384
1385
1386
1443
1444
1387
1388
1389
1390
1391
1445
1446
1447
1319
1318
1317
1316
1315
1314
1313
1477
1505
1540
1586
1585
1584
1666
1671
1674
1683
1691
1704
1705
1707
1708
1766
1765
1764
1763
1755
1815
1854
1859
1818
1790
1792
1823
1865
1824
1866
1867
1898
1899
1936
1937
1793
1825
1868
1869
1871
1715
1714
1768
1767
1713
1712
1711
1710
1709
1604
1605
1606
1541
1552
1571
1542
1506
1478
1448
1392
1393
1394
1395
1396
1397
1449
1398
1451
1399
1400
1401
1452
1545
1574
1553
1589
1588
1587
1572
1543
1544
1609
1608
1607
1590
1576
1591
1592
1577
1578
1593
1331
1330
1329
1328
1402
1327
1326
1325
1324
1323
1232
1230
1267
1268
1269
1282
1283
1284
1285
1286
1270
1243
1242
1233
1192
1160
1075
1072
1124
1123
1122
1071
1070
1121
1120
1228
1241
1229
1266
1322
1321
1320
1227
1191
1159
1119
1069
1068
1067
1066
1065
1064
1063
1062
1118
1158
1190
1226
1225
1224
1189
1157
1117
1057
1058
1059
1060
1061
985
986
987
910
864
833
796
738
739
740
741
798
799
806
800
801
834
866
835
867
807
868
952
951
950
949
948
947
923
911
865
963
521
556
522
557
523
600
627
626
625
605
599
598
555
624
623
667
622
597
554
483
482
481
426
427
429
430
431
432
433
434
435
436
484
485
486
487
488
489
437
343
344
345
438
346
347
348
349
350
351
352
353
354
439
355
356
357
358
359
360
361
362
363
440
441
442
364
562
638
608
607
606
560
561
559
637
636
651
635
634
650
633
632
631
649
630
629
648
628
802
744
668
669
745
746
747
670
671
742
672
673
674
675
676
677
678
871
957
956
965
955
954
964
953
926
925
924
869
870
679
749
750
751
680
836
874
873
872
966
1007
1006
1005
1004
1003
1002
1001
1074
1000
999
998
997
996
995
994
993
992
1073
991
990
989
988
1076
1161
1193
1244
1271
1287
1272
1273
1288
1274
1275
1276
1289
1277
1278
1290
1279
1280
1245
1246
1194
1130
1163
1129
1162
1128
1077
1078
1008
1009
1079
1080
1081
1131
1164
1197
1234
1249
1248
1247
1195
1196
1250
1291
1292
1293
1294
1295
1296
1251
1332
1479
1508
1507
1454
1831
1830
1918
1917
1947
1916
1915
1946
1914
1913
1912
1945
1911
1910
1944
1909
1908
1907
1943
1906
1904
1942
1903
1902
1941
1963
1940
1962
1939
1938
1961
1960
1959
1958
1957
1956
1955
1954
1953
1952
1878
1872
1826
1794
1773
1770
1774
1795
1827
1873
1879
1874
1828
1796
1775
1771
1776
1797
1829
1875
1716
1717
1718
1727
1719
1720
1721
1722
1723
1610
1611
1612
1724
1613
1614
1616
1617
1618
1619
1620
1621
1622
1725
1623
1624
1625
1626
1627
1628
1629
1630
1631
1726
1632
1633
1634
1635
1636
1637
1638
1728
1639
1640
1729
1730
1731
1732
1641
1642
1643
1644
1645
1646
1647
1648
1649
1650
1651
1652
1653
1734
1733
1799
1836
1837
1800
1777
1778
1801
1838
1876
1885
1949
1948
1884
1924
1923
1922
1921
1920
1919
1883
1882
1881
1880
1833
1834
1835
1798
1579
1556
1509
1510
1511
1406
1333
1407
1408
1334
1409
1410
1411
1412
1336
1335
1456
1481
1514
1513
1546
1512
1480
1455
1557
1595
1594
1735
1596
1558
1597
1598
1559
1417
1416
1344
1345
1346
1347
1419
1420
1348
1349
1350
1351
1352
1353
1354
1421
1462
1488
1522
1523
1583
1582
1581
1580
1561
1521
1461
1487
1520
1519
1486
1460
1459
1485
1518
1547
1517
1484
1458
1457
1483
1516
1515
1482
1413
1414
1415
1343
1342
1341
1340
1339
1338
1337
1125
1088
1089
1090
1020
1021
1091
1092
1022
1023
1024
1094
1093
1138
1171
1205
1256
1303
1302
1301
1300
1299
1298
1255
1236
1203
1170
1137
1136
1169
1202
1254
1253
1252
1235
1135
1168
1201
1200
1167
1134
1133
1166
1199
1198
1165
1132
1083
1084
1085
1086
1087
1019
1018
1017
1016
1015
1014
1013
1011
1010
1082
958
967
968
969
970
928
914
876
838
809
808
837
875
681
682
683
753
754
684
685
686
755
756
687
688
689
758
757
759
690
691
692
693
694
695
696
764
763
762
760
817
846
884
883
845
816
815
844
882
932
980
979
978
977
976
975
931
918
881
843
814
813
842
880
930
974
973
972
971
929
917
879
841
812
916
878
840
811
810
839
877
448
447
446
639
566
527
495
528
567
568
529
609
610
640
641
642
643
569
601
611
570
530
496
497
531
571
572
532
498
573
533
499
500
534
574
602
612
654
655
656
657
658
659
660
661
614
613
603
575
535
501
456
394
393
455
454
392
391
451
452
453
390
389
388
386
385
384
450
449
383
382
381
380
379
378
377
376
375
374
373
372
371
370
369
368
367
366
443
444
445
494
526
565
564
525
493
492
524
563
652
365
281
232
233
203
174
116
48
47
9
8
115
114
171
201
172
202
173
231
280
279
278
276
316
315
326
314
313
325
312
311
310
324
309
308
323
307
342
265
322
306
305
264
106
167
166
165
105
27
28
107
29
30
108
31
32
1
